[gd_scene load_steps=5 format=2]

[ext_resource path="res://TempWorld/templategrid_albedo.png" type="Texture" id=1]
[ext_resource path="res://GameFiles/Robot/Robot.tscn" type="PackedScene" id=2]

[sub_resource type="PlaneMesh" id=1]
size = Vector2( 100, 100 )

[sub_resource type="SpatialMaterial" id=2]
albedo_color = Color( 0.658824, 0.658824, 0.658824, 1 )
albedo_texture = ExtResource( 1 )

[node name="TempWorld" type="Spatial"]

[node name="MeshInstance" type="MeshInstance" parent="."]
mesh = SubResource( 1 )
material/0 = SubResource( 2 )

[node name="Robot" parent="." instance=ExtResource( 2 )]
transform = Transform( 1, 0, 0, 0, 1, 0, 0, 0, 1, 0, 0, -7.05702 )
program = "mov a, 0b100
mov [250], a
"

[node name="Robot2" parent="." instance=ExtResource( 2 )]
transform = Transform( -0.707107, 0, -0.707107, 0, 1, 0, 0.707107, 0, -0.707107, -0.520037, 0, 12.1876 )
Combat_Device = "Saw"
Sensor_Device = "Camera"
program = "
mov a, 190
mov b, 140
mov [254], a
mov [255], b
mov [253], a
jmp 0"

[node name="Camera" type="Camera" parent="."]
transform = Transform( -1, -6.69697e-08, 5.61943e-08, 0, 0.642788, 0.766045, -8.74228e-08, 0.766045, -0.642788, 0, 10, -5 )

[node name="DirectionalLight" type="DirectionalLight" parent="."]
transform = Transform( -0.654002, -0.534921, -0.534922, 0, -0.707107, 0.707106, -0.756493, 0.462449, 0.46245, 0, 0, 0 )
shadow_enabled = true
