[gd_scene load_steps=5 format=2]

[ext_resource path="res://TempWorld/templategrid_albedo.png" type="Texture" id=1]
[ext_resource path="res://GameFiles/Robot/Robot.tscn" type="PackedScene" id=2]

[sub_resource type="PlaneMesh" id=1]
size = Vector2( 100, 100 )

[sub_resource type="SpatialMaterial" id=2]
albedo_color = Color( 0.658824, 0.658824, 0.658824, 1 )
albedo_texture = ExtResource( 1 )

[node name="TempWorld" type="Spatial"]

[node name="MeshInstance" type="MeshInstance" parent="."]
mesh = SubResource( 1 )
material/0 = SubResource( 2 )

[node name="DirectionalLight" type="DirectionalLight" parent="MeshInstance"]
transform = Transform( -0.654002, -0.534921, -0.534921, 0, -0.707107, 0.707107, -0.756493, 0.462449, 0.462449, 0, 0, 0 )
shadow_enabled = true

[node name="Robot3" parent="." instance=ExtResource( 2 )]
transform = Transform( 0.976526, 0, -0.2154, 0, 1, 0, 0.2154, 0, 0.976526, 7.91509, 0, -3.19107 )
Sensor_Device = "Camera"

[node name="Robot2" parent="." instance=ExtResource( 2 )]
transform = Transform( -0.707107, 0, -0.707107, 0, 1, 0, 0.707107, 0, -0.707107, -3.21121, 0, 12.1876 )
Combat_Device = "Saw"
program = "
mov a, 220
mov b, 140
mov [254], a
mov [255], b
mov [253], a
jmp 0"

[node name="Camera" type="Camera" parent="."]
transform = Transform( 1, 0, 0, 0, 0.573576, 0.819152, 0, -0.819152, 0.573576, 5, 15, 15 )
current = true
