[gd_scene load_steps=5 format=2]

[ext_resource path="res://TempWorld/templategrid_albedo.png" type="Texture" id=1]
[ext_resource path="res://GameFiles/Robot/Robot.tscn" type="PackedScene" id=2]

[sub_resource type="PlaneMesh" id=1]
size = Vector2( 100, 100 )

[sub_resource type="SpatialMaterial" id=2]
albedo_color = Color( 0.658824, 0.658824, 0.658824, 1 )
albedo_texture = ExtResource( 1 )

[node name="TempWorld" type="Spatial"]

[node name="MeshInstance" type="MeshInstance" parent="."]
mesh = SubResource( 1 )
material/0 = SubResource( 2 )

[node name="DirectionalLight" type="DirectionalLight" parent="MeshInstance"]
transform = Transform( -0.654002, -0.534921, -0.534921, 0, -0.707107, 0.707107, -0.756493, 0.462449, 0.462449, 0, 0, 0 )
shadow_enabled = true

[node name="Robot3" parent="." instance=ExtResource( 2 )]
transform = Transform( 0.99995, 0, 0.0100007, 0, 1, 0, -0.0100007, 0, 0.99995, 3.00399, 0, -3.19107 )
Steering_Device = "Car"
Combat_Device = "Saw"
Sensor_Device = "Camera"
program = "mov a, 255
mov [250], a

jmp 0"

[node name="Robot2" parent="." instance=ExtResource( 2 )]
transform = Transform( -0.707107, 0, -0.707107, 0, 1, 0, 0.707107, 0, -0.707107, 1.82773, 0, 12.1876 )
Sensor_Device = "Camera"
program = "
mov a, 250
mov b, 180
mov [254], a
mov [255], b
mov [253], a
jmp 0"

[node name="Camera" type="Camera" parent="."]
transform = Transform( 0.984808, -0.0868241, 0.150384, 0, 0.866025, 0.5, -0.173648, -0.492404, 0.852868, 5, 13, 25 )
projection = 1
current = true
size = 25.0
