[gd_scene load_steps=5 format=2]

[ext_resource path="res://TempWorld/templategrid_albedo.png" type="Texture" id=1]
[ext_resource path="res://GameFiles/Robot/Robot.tscn" type="PackedScene" id=2]

[sub_resource type="PlaneMesh" id=1]
size = Vector2( 100, 100 )

[sub_resource type="SpatialMaterial" id=2]
albedo_color = Color( 0.658824, 0.658824, 0.658824, 1 )
albedo_texture = ExtResource( 1 )

[node name="TempWorld" type="Spatial"]

[node name="MeshInstance" type="MeshInstance" parent="."]
mesh = SubResource( 1 )
material/0 = SubResource( 2 )

[node name="Robot2" parent="." instance=ExtResource( 2 )]
transform = Transform( -0.707107, 0, -0.707107, 0, 1, 0, 0.707107, 0, -0.707107, 4, 0, 9 )
Steering_Device = "Car"
Sensor_Device = "Camera"

[node name="Robot" parent="." instance=ExtResource( 2 )]
program = "init:
	mov a, 108
	mov b, 148
	mov c, 10
	
loop:
	mov [254], a
	mov [255], b
	sub c, 1
	cmp c, 0
	ja loop
	

trap:
	mov a, 127
	mov [254], a
	mov [255], a
	jmp trap"

[node name="Camera" type="Camera" parent="."]
transform = Transform( -1, -6.69697e-08, 5.61943e-08, 0, 0.642788, 0.766045, -8.74228e-08, 0.766045, -0.642788, 0, 10, -5 )

[node name="DirectionalLight" type="DirectionalLight" parent="."]
transform = Transform( 0.866025, -0.353553, -0.353553, 0, -0.707107, 0.707107, -0.5, -0.612372, -0.612372, 0, 0, 0 )
shadow_enabled = true
